2 0.887423192970642 0.23424001455398713 0.8728998964900767 0.28942622062889023 0.8770494776089531 0.34813496479087774 0.9455159040218986 0.35635419793179945 0.9621139119167345 0.29881961073656477 0.9600392005024638 0.2401108889701858
0 0.7070860603261345 0.3012610621335733 0.7411537430546956 0.24950432386907762 0.8033960352248287 0.2812069874879685 0.8054707466390998 0.3340448572337573 0.7681254663112205 0.37866353862984165 0.7100325969696292 0.3540058392070765
1 0.5786900179136454 0.27189838562153856 0.6177065935667325 0.22719496077542686 0.6768367394702922 0.26242020727261933 0.6809861622988338 0.31643223398516107 0.6415660122663495 0.35752835489855234 0.5813985106556546 0.3269998258508057
1 0.5981439637337197 0.34383694307602364 0.5679126490273922 0.38923108570426906 0.5699874395868303 0.45028818859097963 0.6311922969046606 0.4808167176387263 0.6623134429897269 0.42797884789293744 0.6560893087469145 0.36574758803947405
1 0.14421856126532362 0.42311616965851734 0.1923841845923241 0.38218605432131736 0.24529011710790366 0.42093381650998574 0.25151433049588345 0.47494584322252753 0.19445889600659505 0.513693650202413 0.1529640345598398 0.4843392781214192
1 0.03268260523023201 0.43486124026333123 0.040927956140700904 0.368095946764197 0.10524495972510464 0.3786635386298416 0.11561867508679353 0.4221079734767386 0.1052449597251046 0.485513435088172 0.038853165581262755 0.486687592054925
1 0.5345944073881442 0.8033628304893667 0.5959217279910524 0.7661412053077422 0.6322297317569632 0.8283725099524228 0.634304443171234 0.8659460703831211 0.5730995067082368 0.8999971599135608 0.5347167915280551 0.8553785680999109
1 0.7550724600156508 0.6125054331611411 0.7577517509495318 0.5700540356396776 0.8127323157342148 0.5195645246186117 0.8604514697141172 0.5747507082979063 0.8583767582998464 0.6228919053854663 0.8282928887767481 0.6358078111846168 0.802358600372526 0.6052792821368701 0.7805738930871802 0.6005825646874242
2 0.2531606578577386 0.7270198715580766 0.24840226337447727 0.6722072146485623 0.23906590371992384 0.6064534391036229 0.1716367538689465 0.6134985152777918 0.1799357578163645 0.6851232100301469 0.18201046923063532 0.7309159588105498
2 0.415276873025023 0.33943254159921843 0.4589886377296597 0.28825206366213735 0.5150067165118127 0.31760643574313113 0.5181188627783864 0.37748933687187153 0.4776613570387665 0.4162370990605399 0.4154190648686336 0.3868827269795462
0 0.30114705754725474 0.5185448683226301 0.32205562661343423 0.45733321997393117 0.39363427843812054 0.4714233275310517 0.3957089898523914 0.534828789142485 0.3780737053955873 0.5794475153297864 0.31168191125174544 0.5665315199482017
0 0.618894839275132 0.6844439906156263 0.644678158532923 0.6193693896939907 0.7089951621173265 0.6440270891167557 0.7089951621173266 0.7062583041790018 0.6872104548319808 0.7532252995085919 0.6208185815429719 0.7332643623264898
0 0.736915443916915 0.7108703994764575 0.7287053162787362 0.6498979635329544 0.7784991816729094 0.6017567664453943 0.8251809008005092 0.6416786856008156 0.8303677584813535 0.6909940844463458 0.7909476084488691 0.7403093937094414 0.747378035587843 0.7109550216284477
0 0.354321176122124 0.2953885268311664 0.3511020612842298 0.24363344945287885 0.38533527449070265 0.2295432971045412 0.38533527449070254 0.19784058869443302 0.3272424842942787 0.16496370092196344 0.2909344805283679 0.21780154827214365 0.29715869391634775 0.2765103148297398
1 0.36033582980342804 0.24058124083917345 0.42458858879236255 0.22592752135382985 0.4410979032391552 0.277164668889375 0.44376069720254135 0.3060985828987604 0.4171327575686787 0.3380464467631779 0.3819838853781821 0.3464855155551127 0.3612140843375668 0.2952483680195675
0 0.1066625929224196 0.39282876757274926 0.1561789288413177 0.41598371436593723 0.19558830794114263 0.3665549321444887 0.190795270680845 0.31411220006800816 0.13487657713422746 0.28698665137271945 0.09759746164681961 0.3327986914686682 0.09813003262880027 0.37439119716864955 0.10611841451895912 0.37861073156461694