2 0.27041150787769525 0.3754207398595854 0.2697340709647674 0.31836759757033645 0.3106497692229843 0.25422839722697993 0.4209068350271902 0.2827903808478164 0.39161979576185574 0.3313958848856099 0.392481165739418 0.35444590373690327 0.361040701530178 0.35494698362346394 0.3558723830873292 0.37599266381354235
2 0.3921020753977669 0.33093664023326386 0.4286592634027257 0.2677577644288141 0.5406390691620562 0.29080778328010753 0.5380549592293693 0.3073436775887366 0.4842185141527682 0.4095655705473059 0.48292642632726646 0.35845460017430575 0.3950653413904217 0.35344372484880954
2 0.353333399019691 0.3766738130884959 0.23915497673308964 0.373634645968461 0.224942174948362 0.4452901688575478 0.2262342299147054 0.4843749925734236 0.30591216862807513 0.4748543409239643 0.30591216862807513 0.4548108396219796 0.3485506397005749 0.447795606520296
2 0.4814854126027753 0.35850425126929414 0.4807729685242024 0.42875428410640504 0.4489017864670228 0.4878826473542101 0.42693649058844285 0.43977821364549113 0.3537189252842652 0.44729452663373537 0.35199618532914073 0.4202357922300671 0.36190207150774023 0.3545933426695424
2 0.3057650006010526 0.474101193901142 0.18015425417410832 0.4895471658975615 0.17825174410255068 0.5780874310324648 0.28622082362585666 0.5648064039280158 0.31142948124258457 0.6522399326364482 0.33235738233414697 0.650026417564218 0.3337843011758688 0.5476517148923418
2 0.33014533018304465 0.5342979303627194 0.3042949596100827 0.47294586618476714 0.3066731334875833 0.45357768318650704 0.4246305360387811 0.43918989854594287 0.4550711689283996 0.5127889897174024 0.3784939773304909 0.566466571896655 0.37564017593510085 0.6467061660655169 0.33283304614008996 0.650026417564218 0.33521122001759057 0.5470983466791065 0.32807669838508885 0.5299436787530766
2 0.2599775523617016 0.7840797908527134 0.18015425417410832 0.7964434488991854 0.15732380672293467 0.7101166988365122 0.15589688788121286 0.5845001934544394 0.28622082362585666 0.5651320104561793 0.3109538174366415 0.6503520240923814 0.2605365384912395 0.6575459164126635
2 0.2611668367315549 0.6560752363079797 0.3918117292716622 0.6503520240923814 0.40227571610549684 0.7433192982621012 0.39656807702666325 0.8717026658199954 0.3899092192001045 0.8794499474631572 0.26481725872835127 0.8838769776076179
2 0.40396137183881375 0.6291681522530477 0.5403602372848622 0.6272681626090773 0.5460872039491258 0.7172190928630597 0.5415056131403996 0.85181234173399 0.4000495540104043 0.8551438576693225 0.4046311011258423 0.7445375642007067 0.40234030572147916 0.7158864814054366
2 0.40109741306569097 0.7116464983999303 0.3926044798695463 0.6512550671764927 0.3759962678045242 0.6512550671764928 0.38000517068548173 0.5686334618132625 0.46820042236051046 0.5073336016458255 0.5655588556529915 0.564635652857843 0.48079977523786327 0.626601844171541 0.40520378905361104 0.6279344556291641
2 0.6853453212981329 0.6141720893172508 0.5999206556385731 0.6785734876792409 0.5941936889743095 0.8151656664453305 0.6989972401009367 0.8771318323415788 0.7803201492561643 0.8038384817642599 0.7889105992525597 0.6752419717439083
2 0.7848678886641516 0.7516359995620553 0.830717473378999 0.756334926721882 0.8484710176062705 0.613079766920026 0.8519072325594591 0.5431179322780397 0.7201869992813966 0.5244614227062172 0.6989972401009367 0.6037515629690137 0.6972791326243423 0.6157449644178227 0.7894832434870404 0.6770448881288833
2 0.5951306199447634 0.7857936984713703 0.5460872039491258 0.7616653725523738 0.5420783010681685 0.6317362510743991 0.5082891890103557 0.6270721745163425 0.512298091891313 0.6057504166118246 0.5993479677108043 0.5431179322780398 0.7012879918120114 0.601752607656405 0.6978517768588227 0.6197427987906914 0.6835343601981639 0.611747155462403 0.6010660751873987 0.6790437671891434
2 0.48630018656609547 0.4217226149745248 0.6113745889671003 0.4496394471610909 0.5775855206025756 0.520267574823164 0.5730039297938495 0.5615783775047792 0.5661315872740484 0.5669088233352712 0.4647642511006099 0.5089404409769925 0.4567464890319832 0.514270861390035 0.44872877065664474 0.49228286130032917
2 0.4827202380996919 0.4233888441896133 0.5151615752234449 0.35635700097177586 0.6291281768876598 0.377678708041395 0.6016387631151673 0.44564163820567154
2 0.5478753001882365 0.2917567361976189 0.6537541510213085 0.31437989256134924 0.6503180234546961 0.37834500106148167 0.6291281768876599 0.37901131949901795 0.5151615752234447 0.35768961242939884
2 0.6531257851005009 0.37673442616713426 0.678952856776014 0.30971577787711835 0.7917740825846915 0.32703966328259315 0.7854743842993709 0.4209884152007197 0.7648573567399679 0.41499167635014117 0.7505399400793089 0.43164925602680454 0.7488218326027145 0.3996667081311007
2 0.5736509291463421 0.5600196398268734 0.5993479677108043 0.5417853208204167 0.7007152601909546 0.5990873847411591 0.721905106757991 0.5251277411437534 0.7333590400865181 0.5277929386415499 0.7316409326099238 0.4871484543974709 0.6108019010393315 0.45449958806423085 0.5747220372704438 0.5264603526013764
2 0.847874981672854 0.5933442241286441 0.8679427566967125 0.562244670524866 0.8748150992165135 0.4416438038328026 0.7562669067435724 0.4136590648925183 0.7167507843282078 0.47762418610137547 0.7327863084654613 0.4889513453649964 0.7327863084654613 0.5275969251313656 0.8364444400432629 0.5409229888726963 0.8547707158915911 0.5442545048080291
2 0.610882393196939 0.45171474084611846 0.7184688918048023 0.4802893835991719 0.7505399400793089 0.42365361269851637 0.7482491009816578 0.39833409667347786 0.6331371234619054 0.3770123896038587 0.6027841389707049 0.4436427083105124